.
1
1
1999
.
486
7
11
.
408
52
11
-
.
65535
1
29
2
1
2
1
.
65535
3
1
7
7
7
7
.
65535
50
1
52
7
52
7
.
255
4
29
4
18
4
18
.
255
5
18
13
12
13
12
.
255
59
18
58
12
58
12
.
65280
23
29
23
29
23
15
.
16711680
27
29
26
14
26
14
.
65280
23
14
7
12
7
12
.
65280
23
11
52
12
52
12
.
16711680
26
15
8
12
8
12
.
16711680
26
13
53
12
53
12
.
16776960
9
12
47
29
47
29
.
16776960
54
12
49
29
49
29
-